20230710,17:00:02,141.479,141.479,141.477,141.477,13.6799998283386
20230710,17:00:03,141.478,141.478,141.478,141.478,7.19999980926514
20230710,17:00:05,141.478,141.49,141.478,141.49,11.6799998283386
20230710,17:00:06,141.491,141.491,141.49,141.49,11.6999998092651
20230710,17:00:07,141.49,141.49,141.489,141.49,17.0999999046326
20230710,17:00:08,141.489,141.489,141.489,141.489,9.09000015258789
20230710,17:00:09,141.49,141.49,141.49,141.49,5.70000004768372
20230710,17:00:14,141.49,141.49,141.483,141.483,18.1899998188019
20230710,17:00:15,141.482,141.483,141.482,141.483,7.73999977111816
20230710,17:00:16,141.483,141.483,141.481,141.481,10.8699997663498
20230710,17:00:17,141.481,141.481,141.481,141.481,5.48999977111816
20230710,17:00:19,141.481,141.482,141.481,141.482,9
20230710,17:00:21,141.481,141.481,141.481,141.481,5.70000004768372
20230710,17:00:22,141.482,141.482,141.482,141.482,7.19999980926514
20230710,17:00:23,141.482,141.482,141.482,141.482,3.59999990463257
20230710,17:00:24,141.48,141.48,141.48,141.48,7.19999980926514
20230710,17:00:26,141.48,141.48,141.48,141.48,3.59999990463257
20230710,17:00:27,141.481,141.481,141.481,141.481,5.70000004768372
20230710,17:00:28,141.481,141.484,141.479,141.484,14.7199997901917
20230710,17:00:29,141.484,141.484,141.483,141.483,22.4099998474121
20230710,17:00:30,141.483,141.483,141.482,141.482,7.19999980926514
20230710,17:00:31,141.481,141.481,141.481,141.481,3.59999990463257
20230710,17:00:32,141.48,141.48,141.479,141.479,11.25
20230710,17:00:33,141.477,141.477,141.477,141.477,10.7999997138977
20230710,17:00:34,141.479,141.479,141.479,141.479,3.59999990463257
20230710,17:00:38,141.481,141.484,141.481,141.484,9.29999995231628
20230710,17:00:39,141.485,141.488,141.484,141.484,15.599999666214
20230710,17:00:40,141.483,141.488,141.483,141.488,26.6399993896484
20230710,17:00:43,141.489,141.489,141.489,141.489,1.20000004768372
20230710,17:00:48,141.489,141.489,141.485,141.485,15.2400000095367
20230710,17:00:49,141.485,141.485,141.485,141.485,4.5
20230710,17:00:50,141.484,141.484,141.483,141.484,6
20230710,17:00:51,141.483,141.483,141.483,141.483,1.20000004768372
20230710,17:00:52,141.484,141.484,141.481,141.481,13.1399998664856
20230710,17:00:53,141.482,141.482,141.482,141.482,8.27999973297119
20230710,17:00:56,141.482,141.482,141.48,141.48,7.69000005722046
20230710,17:00:57,141.48,141.48,141.48,141.48,11.5799999237061
20230710,17:01:01,141.479,141.479,141.477,141.478,9.89999985694885
20230710,17:01:02,141.477,141.477,141.475,141.476,13.9499998092651
20230710,17:01:04,141.477,141.478,141.477,141.478,10.7999997138977
20230710,17:01:05,141.478,141.479,141.478,141.479,8.09999990463257
20230710,17:01:07,141.478,141.478,141.478,141.478,1.79999995231628
20230710,17:01:08,141.477,141.477,141.477,141.477,10.8000001907349
20230710,17:01:09,141.476,141.476,141.471,141.471,24.539999961853
20230710,17:01:10,141.471,141.472,141.471,141.471,24.2999997138977
20230710,17:01:11,141.469,141.472,141.469,141.472,15.4499998092651
20230710,17:01:12,141.469,141.47,141.469,141.47,13.5
20230710,17:01:13,141.47,141.471,141.47,141.471,22.5
20230710,17:01:14,141.471,141.471,141.471,141.471,4.5
20230710,17:01:15,141.47,141.47,141.465,141.468,31.9499998092651
20230710,17:01:16,141.466,141.468,141.464,141.466,16.1999998092651
20230710,17:01:17,141.466,141.466,141.466,141.466,3.59999990463257
20230710,17:01:18,141.467,141.467,141.465,141.465,7.19999980926514
20230710,17:01:20,141.466,141.468,141.466,141.468,4.79999995231628
20230710,17:01:21,141.467,141.475,141.467,141.474,15.9000000953674
20230710,17:01:22,141.474,141.474,141.472,141.472,6.90000009536743
20230710,17:01:23,141.474,141.474,141.474,141.474,5.70000004768372
20230710,17:01:24,141.474,141.474,141.474,141.474,4.5
20230710,17:01:25,141.475,141.475,141.475,141.475,7.19999980926514
20230710,17:01:26,141.474,141.474,141.474,141.474,4.5
20230710,17:01:27,141.475,141.482,141.475,141.482,15
20230710,17:01:28,141.482,141.482,141.482,141.482,3.59999990463257
20230710,17:01:30,141.482,141.482,141.47,141.47,12.9199997186661
20230710,17:01:31,141.47,141.47,141.47,141.47,3.59999990463257
20230710,17:01:32,141.47,141.472,141.47,141.472,14.3999996185303
20230710,17:01:34,141.471,141.473,141.471,141.473,4.79999995231628
20230710,17:01:35,141.471,141.471,141.471,141.471,3.59999990463257
20230710,17:01:36,141.473,141.473,141.47,141.471,15.7499995231628
20230710,17:01:37,141.472,141.473,141.472,141.473,9
20230710,17:01:38,141.472,141.472,141.472,141.472,5.40000009536743
20230710,17:01:39,141.474,141.477,141.474,141.477,8.09999990463257
20230710,17:01:40,141.475,141.475,141.473,141.473,17.0999999046326
20230710,17:01:41,141.473,141.473,141.468,141.468,12.0699999332428
20230710,17:01:42,141.467,141.467,141.467,141.467,4.5
20230710,17:01:46,141.464,141.464,141.463,141.464,11.6999998092651
20230710,17:01:48,141.463,141.463,141.463,141.463,4.5
20230710,17:01:49,141.467,141.468,141.467,141.468,8.09999990463257
20230710,17:01:50,141.468,141.468,141.465,141.465,8.54999971389771
20230710,17:01:51,141.464,141.464,141.464,141.464,4.94999980926514
20230710,17:01:52,141.463,141.463,141.463,141.463,1.79999995231628
20230710,17:01:53,141.462,141.465,141.462,141.464,19.9800000190735
20230710,17:01:54,141.465,141.465,141.465,141.465,3.59999990463257
20230710,17:01:55,141.462,141.465,141.462,141.465,5.39999985694885
20230710,17:01:56,141.464,141.464,141.463,141.463,8.09999990463257
20230710,17:01:57,141.466,141.467,141.464,141.464,9.74999976158142
20230710,17:01:58,141.466,141.466,141.466,141.466,3.59999990463257
20230710,17:01:59,141.464,141.464,141.464,141.464,5.70000004768372
20230710,17:02:00,141.464,141.464,141.464,141.464,4.5
20230710,17:02:01,141.465,141.473,141.465,141.473,21.5999999046326
20230710,17:02:02,141.473,141.473,141.472,141.473,12.5999999046326
20230710,17:02:03,141.473,141.473,141.468,141.468,25.1999998092651
20230710,17:02:04,141.467,141.467,141.467,141.467,7.19999980926514
20230710,17:02:05,141.465,141.465,141.463,141.463,8.64000010490417
20230710,17:02:06,141.464,141.464,141.464,141.464,7.19999980926514
20230710,17:02:07,141.463,141.463,141.463,141.463,6.84000015258789
20230710,17:02:08,141.464,141.464,141.463,141.463,9.53999996185303
20230710,17:02:09,141.464,141.464,141.463,141.463,9.53999996185303
20230710,17:02:10,141.466,141.469,141.466,141.469,4.79999995231628
20230710,17:02:12,141.467,141.468,141.466,141.468,11.6999998092651
20230710,17:02:13,141.468,141.468,141.468,141.468,4.5
20230710,17:02:14,141.469,141.469,141.469,141.469,3.59999990463257
20230710,17:02:15,141.469,141.471,141.469,141.471,10.2000000476837
20230710,17:02:16,141.47,141.47,141.47,141.47,4.5
20230710,17:02:18,141.469,141.469,141.461,141.462,17.299999833107
20230710,17:02:19,141.463,141.464,141.462,141.463,34.0500001907349
20230710,17:02:20,141.463,141.468,141.463,141.468,20.3400001525879
20230710,17:02:21,141.468,141.469,141.468,141.469,11.6999998092651
20230710,17:02:22,141.466,141.466,141.457,141.458,10.2699999809265
20230710,17:02:23,141.458,141.458,141.458,141.458,7.19999980926514
20230710,17:02:24,141.458,141.459,141.458,141.459,8.09999990463257
20230710,17:02:25,141.459,141.459,141.459,141.459,4.5
20230710,17:02:28,141.46,141.46,141.46,141.46,3.59999990463257
20230710,17:02:29,141.46,141.463,141.46,141.463,12.5999999046326
20230710,17:02:30,141.462,141.462,141.456,141.457,17.6199996471405
20230710,17:02:33,141.454,141.456,141.454,141.456,13.4199998378754
20230710,17:02:34,141.455,141.456,141.455,141.456,10.7999997138977
20230710,17:02:35,141.456,141.457,141.456,141.457,7.19999980926514
20230710,17:02:36,141.457,141.457,141.457,141.457,3.59999990463257
20230710,17:02:37,141.454,141.454,141.447,141.448,27.2999997138977
20230710,17:02:38,141.449,141.45,141.448,141.449,21.1499996185303
20230710,17:02:39,141.448,141.454,141.448,141.454,25.0499999523163
20230710,17:02:40,141.456,141.456,141.455,141.455,8.09999990463257
20230710,17:02:41,141.454,141.459,141.454,141.458,16.8000001907349
20230710,17:02:42,141.458,141.458,141.458,141.458,1.20000004768372
20230710,17:02:43,141.459,141.459,141.459,141.459,4.5
20230710,17:02:44,141.459,141.459,141.459,141.459,7.20000004768372
20230710,17:02:45,141.461,141.462,141.461,141.461,5.40000009536743
20230710,17:02:46,141.464,141.464,141.463,141.464,7.80000019073486
20230710,17:02:48,141.465,141.466,141.465,141.466,7.80000019073486
20230710,17:02:49,141.466,141.466,141.466,141.466,4.5
20230710,17:02:50,141.466,141.466,141.458,141.458,9.29999995231628
20230710,17:02:51,141.456,141.458,141.456,141.458,4.79999995231628
20230710,17:02:52,141.457,141.457,141.457,141.457,4.5
20230710,17:02:53,141.458,141.458,141.458,141.458,1.20000004768372
20230710,17:02:54,141.459,141.462,141.459,141.462,8.10000014305115
20230710,17:02:55,141.462,141.462,141.461,141.461,6.59999990463257
20230710,17:02:56,141.462,141.462,141.462,141.462,5.70000004768372
20230710,17:02:57,141.461,141.463,141.461,141.463,2.40000009536743
20230710,17:02:58,141.464,141.464,141.464,141.464,4.5
20230710,17:02:59,141.462,141.465,141.462,141.465,16.3499999046326
20230710,17:03:00,141.464,141.469,141.464,141.468,16.5
20230710,17:03:01,141.467,141.468,141.467,141.468,11.7000000476837
20230710,17:03:03,141.467,141.467,141.46,141.46,5.70000004768372
20230710,17:03:04,141.459,141.459,141.458,141.458,3
20230710,17:03:08,141.459,141.459,141.459,141.459,5.40000009536743
20230710,17:03:16,141.463,141.464,141.463,141.464,9.29999995231628
20230710,17:03:17,141.465,141.465,141.464,141.464,5.70000004768372
20230710,17:03:18,141.468,141.469,141.468,141.469,7.19999980926514
20230710,17:03:19,141.468,141.469,141.468,141.469,4.79999995231628
20230710,17:03:20,141.469,141.469,141.468,141.469,8.99999976158142
20230710,17:03:21,141.465,141.465,141.459,141.462,7.72000026702881
20230710,17:03:24,141.463,141.463,141.461,141.461,2.40000009536743
20230710,17:03:25,141.461,141.461,141.46,141.46,3
20230710,17:03:26,141.46,141.46,141.458,141.458,6.14999985694885
20230710,17:03:27,141.458,141.459,141.458,141.459,6.60000014305115
20230710,17:03:28,141.459,141.46,141.458,141.458,12.0000002384186
20230710,17:03:29,141.459,141.459,141.459,141.459,7.20000004768372
20230710,17:03:30,141.459,141.459,141.459,141.459,7.20000004768372
20230710,17:03:33,141.461,141.461,141.461,141.461,4.79999995231628
20230710,17:03:34,141.461,141.461,141.458,141.458,7.80000019073486
20230710,17:03:35,141.46,141.46,141.459,141.459,9
20230710,17:03:39,141.458,141.458,141.458,141.458,5.40000009536743
20230710,17:03:40,141.459,141.459,141.458,141.458,9
20230710,17:03:42,141.459,141.459,141.458,141.458,9
20230710,17:03:43,141.459,141.459,141.459,141.459,3.59999990463257
20230710,17:03:44,141.457,141.457,141.457,141.457,5.40000009536743
20230710,17:03:45,141.458,141.459,141.457,141.459,11.8499999046326
20230710,17:03:47,141.458,141.458,141.458,141.458,6.60000014305115
20230710,17:03:48,141.457,141.459,141.457,141.459,21.900000333786
20230710,17:03:50,141.462,141.462,141.46,141.46,12.0000002384186
20230710,17:03:51,141.461,141.461,141.461,141.461,15.75
20230710,17:03:52,141.461,141.461,141.461,141.461,9.90000009536743
20230710,17:03:53,141.461,141.461,141.461,141.461,1.79999995231628
20230710,17:03:54,141.463,141.463,141.463,141.463,4.5
20230710,17:03:55,141.463,141.463,141.463,141.463,11.1000001430511
20230710,17:03:56,141.463,141.463,141.463,141.463,5.40000009536743
20230710,17:03:57,141.463,141.463,141.459,141.459,7.44000005722046
20230710,17:03:58,141.459,141.46,141.459,141.46,7.04999995231628
20230710,17:04:00,141.46,141.46,141.459,141.459,5.70000004768372
20230710,17:04:01,141.458,141.459,141.458,141.459,3.60000014305115
20230710,17:04:02,141.459,141.459,141.459,141.459,1.20000004768372
20230710,17:04:06,141.459,141.459,141.459,141.459,1.20000004768372
20230710,17:04:07,141.458,141.458,141.453,141.453,9.08999991416931
20230710,17:04:08,141.454,141.454,141.454,141.454,1.20000004768372
20230710,17:04:09,141.457,141.457,141.457,141.457,4.5
20230710,17:04:10,141.458,141.458,141.458,141.458,1.20000004768372
20230710,17:04:12,141.463,141.467,141.463,141.467,7.20000028610229
20230710,17:04:13,141.467,141.467,141.465,141.465,6.00000023841858
20230710,17:04:14,141.465,141.465,141.462,141.463,5.40000009536743
20230710,17:04:15,141.463,141.465,141.463,141.465,3.60000014305115
20230710,17:04:17,141.465,141.465,141.465,141.465,1.20000004768372
20230710,17:04:18,141.465,141.465,141.465,141.465,7.5
20230710,17:04:19,141.465,141.465,141.465,141.465,1.20000004768372
20230710,17:04:20,141.465,141.465,141.465,141.465,1.20000004768372
20230710,17:04:21,141.464,141.464,141.464,141.464,2.40000009536743
20230710,17:04:22,141.464,141.468,141.464,141.468,7.80000019073486
20230710,17:04:23,141.47,141.47,141.47,141.47,1.20000004768372
20230710,17:04:24,141.469,141.47,141.468,141.47,7.5
20230710,17:04:31,141.47,141.471,141.47,141.47,10.2000000476837
20230710,17:04:32,141.47,141.47,141.469,141.469,9
20230710,17:04:33,141.47,141.47,141.47,141.47,4.5
20230710,17:04:34,141.47,141.47,141.47,141.47,4.5
20230710,17:04:36,141.471,141.473,141.471,141.473,3.60000014305115
20230710,17:04:37,141.475,141.475,141.474,141.474,3.60000014305115
20230710,17:04:38,141.476,141.477,141.475,141.475,6.60000014305115
20230710,17:04:39,141.476,141.48,141.476,141.48,4.80000019073486
20230710,17:04:40,141.48,141.48,141.48,141.48,1.20000004768372
20230710,17:04:42,141.482,141.482,141.482,141.482,3.60000014305115
20230710,17:04:44,141.481,141.481,141.479,141.48,6.60000014305115
20230710,17:04:45,141.48,141.48,141.48,141.48,1.20000004768372
20230710,17:04:46,141.479,141.479,141.479,141.479,1.20000004768372
20230710,17:04:47,141.489,141.489,141.489,141.489,3.60000014305115
20230710,17:04:48,141.488,141.488,141.488,141.488,1.20000004768372
20230710,17:04:49,141.489,141.489,141.489,141.489,1.20000004768372
20230710,17:04:50,141.491,141.491,141.49,141.49,3.60000014305115
20230710,17:04:52,141.49,141.49,141.486,141.487,20.5499999523163
20230710,17:04:53,141.486,141.488,141.486,141.488,10.2000000476837
20230710,17:04:54,141.488,141.488,141.488,141.488,4.5
20230710,17:04:55,141.488,141.488,141.488,141.488,9
20230710,17:04:56,141.488,141.488,141.484,141.485,9.15000009536743
20230710,17:04:57,141.485,141.485,141.484,141.484,4.80000019073486
20230710,17:04:59,141.483,141.483,141.48,141.481,7.20000004768372
20230710,17:05:00,141.481,141.481,141.48,141.48,6.90000009536743
20230710,17:05:01,141.48,141.481,141.48,141.481,2.40000009536743
20230710,17:05:03,141.481,141.481,141.481,141.481,1.20000004768372
20230710,17:05:04,141.481,141.481,141.48,141.48,2.40000009536743
20230710,17:05:05,141.48,141.48,141.48,141.48,1.20000004768372
20230710,17:05:06,141.481,141.481,141.481,141.481,1.20000004768372
20230710,17:05:07,141.481,141.481,141.481,141.481,2.40000009536743
20230710,17:05:08,141.48,141.48,141.48,141.48,2.40000009536743
20230710,17:05:10,141.481,141.481,141.481,141.481,2.40000009536743
20230710,17:05:11,141.481,141.481,141.481,141.481,1.20000004768372
20230710,17:05:16,141.481,141.481,141.481,141.481,8.40000033378601
20230710,17:05:17,141.481,141.481,141.481,141.481,4.80000019073486
20230710,17:05:18,141.48,141.48,141.48,141.48,1.20000004768372
20230710,17:05:20,141.481,141.483,141.481,141.482,9.30000019073486
20230710,17:05:21,141.482,141.482,141.48,141.48,6
20230710,17:05:22,141.48,141.48,141.48,141.48,1.20000004768372
20230710,17:05:23,141.48,141.48,141.48,141.48,1.20000004768372
20230710,17:05:24,141.48,141.48,141.48,141.48,1.20000004768372
20230710,17:05:25,141.48,141.48,141.48,141.48,1.20000004768372
20230710,17:05:26,141.48,141.48,141.478,141.479,4.80000019073486
20230710,17:05:27,141.479,141.479,141.479,141.479,11.4000000953674
20230710,17:05:28,141.479,141.479,141.479,141.479,1.20000004768372
20230710,17:05:29,141.479,141.479,141.479,141.479,4.5
20230710,17:05:30,141.48,141.481,141.48,141.481,2.40000009536743
20230710,17:05:31,141.481,141.481,141.481,141.481,1.20000004768372
20230710,17:05:32,141.481,141.481,141.481,141.481,2.40000009536743
20230710,17:05:33,141.481,141.481,141.481,141.481,1.20000004768372
20230710,17:05:34,141.482,141.482,141.481,141.481,3.60000014305115
20230710,17:05:35,141.48,141.482,141.48,141.482,3.60000014305115
20230710,17:05:36,141.482,141.482,141.482,141.482,3.60000014305115
20230710,17:05:37,141.485,141.489,141.485,141.487,10.5000002384186
20230710,17:05:39,141.489,141.49,141.489,141.49,4.80000019073486
20230710,17:05:40,141.49,141.49,141.49,141.49,1.20000004768372
20230710,17:05:41,141.49,141.49,141.488,141.488,2.40000009536743
20230710,17:05:43,141.486,141.486,141.484,141.484,7.20000028610229
20230710,17:05:45,141.484,141.489,141.484,141.489,3.60000014305115
20230710,17:05:46,141.489,141.489,141.488,141.488,3.60000014305115
20230710,17:05:50,141.49,141.49,141.49,141.49,1.20000004768372
20230710,17:05:51,141.49,141.49,141.49,141.49,1.20000004768372
20230710,17:05:52,141.49,141.49,141.49,141.49,1.20000004768372
20230710,17:05:53,141.49,141.49,141.49,141.49,2.40000009536743
20230710,17:05:54,141.49,141.49,141.49,141.49,1.20000004768372
20230710,17:05:55,141.49,141.49,141.486,141.487,15.1499998569489
20230710,17:05:56,141.488,141.489,141.488,141.489,2.40000009536743
20230710,17:05:57,141.489,141.489,141.489,141.489,2.40000009536743
20230710,17:05:58,141.487,141.487,141.481,141.481,9.00000023841858
20230710,17:05:59,141.48,141.48,141.48,141.48,1.20000004768372
20230710,17:06:00,141.481,141.481,141.481,141.481,1.20000004768372
20230710,17:06:01,141.481,141.481,141.48,141.48,2.40000009536743
20230710,17:06:04,141.48,141.48,141.48,141.48,1.20000004768372
20230710,17:06:05,141.479,141.48,141.479,141.48,2.40000009536743
20230710,17:06:06,141.48,141.48,141.48,141.48,4.80000019073486
20230710,17:06:07,141.48,141.48,141.48,141.48,1.20000004768372
20230710,17:06:11,141.478,141.478,141.477,141.477,6.60000014305115
20230710,17:06:12,141.478,141.478,141.478,141.478,1.20000004768372
20230710,17:06:15,141.477,141.478,141.477,141.478,4.20000004768372
20230710,17:06:17,141.477,141.477,141.477,141.477,5.40000009536743
20230710,17:06:18,141.477,141.477,141.472,141.472,7.20000028610229
20230710,17:06:19,141.474,141.474,141.473,141.473,8.40000009536743
20230710,17:06:20,141.474,141.474,141.474,141.474,3
20230710,17:06:21,141.472,141.472,141.472,141.472,3
20230710,17:06:22,141.471,141.473,141.471,141.472,6
20230710,17:06:23,141.473,141.473,141.472,141.472,3
20230710,17:06:24,141.473,141.473,141.47,141.47,7.79999995231628
20230710,17:06:27,141.469,141.469,141.469,141.469,4.5
20230710,17:06:28,141.47,141.47,141.47,141.47,1.20000004768372
20230710,17:06:30,141.471,141.472,141.47,141.47,13.5000002384186
20230710,17:06:38,141.47,141.47,141.47,141.47,4.5
20230710,17:06:42,141.47,141.47,141.47,141.47,3.59999990463257
20230710,17:06:43,141.47,141.47,141.47,141.47,3.59999990463257
20230710,17:06:44,141.47,141.472,141.47,141.472,12.5999999046326
20230710,17:06:45,141.472,141.474,141.472,141.474,7.50000023841858
20230710,17:06:46,141.473,141.473,141.471,141.471,6.90000009536743
20230710,17:06:47,141.471,141.472,141.471,141.471,20.4000000953674
20230710,17:06:48,141.471,141.473,141.471,141.472,12.6000001430511
20230710,17:06:49,141.471,141.472,141.471,141.472,12.6000001430511
20230710,17:06:50,141.471,141.471,141.469,141.47,14.7000000476837
20230710,17:06:51,141.469,141.469,141.469,141.469,5.40000009536743
20230710,17:06:55,141.469,141.472,141.469,141.472,38.7900004386902
20230710,17:06:56,141.473,141.473,141.472,141.473,9.29999995231628
20230710,17:06:57,141.473,141.473,141.471,141.471,2.40000009536743
20230710,17:06:58,141.473,141.473,141.471,141.471,5.70000004768372
20230710,17:06:59,141.472,141.472,141.472,141.472,1.20000004768372
20230710,17:07:00,141.471,141.471,141.471,141.471,2.40000009536743
20230710,17:07:01,141.47,141.47,141.47,141.47,1.20000004768372
20230710,17:07:02,141.469,141.47,141.469,141.47,9
20230710,17:07:06,141.47,141.479,141.47,141.479,24.6899998188019
20230710,17:07:07,141.478,141.478,141.475,141.475,7.20000004768372
20230710,17:07:08,141.474,141.474,141.474,141.474,1.20000004768372
20230710,17:07:09,141.475,141.475,141.474,141.474,4.79999995231628
20230710,17:07:10,141.474,141.474,141.471,141.473,27.2999999523163
20230710,17:07:11,141.473,141.473,141.473,141.473,10.0800001621246
20230710,17:07:12,141.473,141.473,141.473,141.473,3.59999990463257
20230710,17:07:14,141.473,141.473,141.472,141.472,11.9099998474121
20230710,17:07:15,141.471,141.473,141.47,141.47,14.6399998664856
20230710,17:07:16,141.471,141.471,141.47,141.47,16.3199999332428
20230710,17:07:17,141.47,141.47,141.47,141.47,2.64000010490417
20230710,17:07:18,141.47,141.47,141.47,141.47,2.92000007629395
20230710,17:07:19,141.47,141.47,141.47,141.47,4.5
20230710,17:07:20,141.47,141.47,141.47,141.47,5.84000015258789
20230710,17:07:21,141.47,141.47,141.466,141.466,15.4799995422363
20230710,17:07:22,141.466,141.468,141.466,141.468,15.4199998378754
20230710,17:07:23,141.469,141.469,141.467,141.468,10.2000000476837
20230710,17:07:24,141.469,141.469,141.468,141.468,7.3199999332428
20230710,17:07:27,141.469,141.469,141.468,141.468,17.7299997806549
20230710,17:07:28,141.468,141.468,141.468,141.468,4.46999979019165
20230710,17:07:29,141.468,141.468,141.468,141.468,10.6199998855591
20230710,17:07:30,141.469,141.471,141.469,141.47,18.4499998092651
20230710,17:07:31,141.469,141.47,141.469,141.47,6.93999981880188
20230710,17:07:33,141.472,141.472,141.471,141.471,6.00000023841858
20230710,17:07:34,141.471,141.472,141.471,141.472,3.60000014305115
20230710,17:07:35,141.471,141.471,141.47,141.47,10.1699998378754
20230710,17:07:36,141.47,141.47,141.468,141.468,6.48000001907349
20230710,17:07:40,141.468,141.468,141.468,141.468,4.5
20230710,17:07:41,141.468,141.469,141.468,141.469,9.86999988555908
20230710,17:07:42,141.469,141.47,141.469,141.47,12.6899995803833
20230710,17:07:43,141.471,141.471,141.471,141.471,3.16000008583069
20230710,17:07:44,141.47,141.47,141.47,141.47,4.5
20230710,17:07:45,141.47,141.471,141.47,141.471,5.66999983787537
20230710,17:07:46,141.471,141.471,141.469,141.469,2.64000010490417
20230710,17:07:48,141.469,141.469,141.469,141.469,8.96999979019165
20230710,17:07:49,141.469,141.469,141.469,141.469,3.72000002861023
20230710,17:07:50,141.469,141.469,141.469,141.469,7.3199999332428
20230710,17:07:51,141.469,141.469,141.469,141.469,3.59999990463257
20230710,17:07:52,141.469,141.469,141.469,141.469,8.22000002861023
20230710,17:07:53,141.469,141.469,141.469,141.469,3.72000002861023
20230710,17:07:54,141.469,141.469,141.469,141.469,4.5
20230710,17:07:55,141.469,141.469,141.469,141.469,8.75999999046326
20230710,17:07:56,141.469,141.469,141.469,141.469,3.72000002861023
20230710,17:07:57,141.469,141.469,141.468,141.468,8.22000002861023
20230710,17:07:58,141.469,141.469,141.469,141.469,3.59999990463257
20230710,17:08:00,141.467,141.467,141.466,141.466,19.4499998092651
20230710,17:08:01,141.464,141.464,141.464,141.464,14.9399995803833
20230710,17:08:02,141.464,141.469,141.464,141.469,8.3199999332428
20230710,17:08:03,141.468,141.468,141.468,141.468,3.59999990463257
20230710,17:08:04,141.468,141.468,141.467,141.468,17.0699996948242
20230710,17:08:05,141.468,141.468,141.468,141.468,5.66999983787537
20230710,17:08:06,141.466,141.466,141.465,141.466,9.8199999332428
20230710,17:08:07,141.464,141.464,141.464,141.464,4.01999998092651
20230710,17:08:09,141.468,141.469,141.468,141.469,17.2200000286102
20230710,17:08:10,141.468,141.468,141.468,141.468,8.96999979019165
20230710,17:08:11,141.468,141.468,141.468,141.468,8.96999979019165
20230710,17:08:12,141.47,141.47,141.47,141.47,3.59999990463257
20230710,17:08:13,141.47,141.47,141.47,141.47,2.92000007629395
20230710,17:08:14,141.47,141.471,141.47,141.47,19.4699997901917
20230710,17:08:15,141.475,141.476,141.475,141.476,9.26999974250793
20230710,17:08:16,141.476,141.478,141.476,141.478,11.9999997615814
20230710,17:08:17,141.477,141.478,141.477,141.478,7.3199999332428
20230710,17:08:18,141.477,141.478,141.477,141.478,16.6199998855591
20230710,17:08:19,141.478,141.478,141.478,141.478,7.19999980926514
20230710,17:08:20,141.478,141.481,141.478,141.481,12.7599999904633
20230710,17:08:21,141.481,141.481,141.481,141.481,4.79999995231628
20230710,17:08:22,141.483,141.483,141.483,141.483,1.20000004768372
20230710,17:08:23,141.482,141.482,141.482,141.482,4.5
20230710,17:08:24,141.486,141.486,141.486,141.486,3.59999990463257
20230710,17:08:25,141.486,141.487,141.486,141.487,15.3000001907349
20230710,17:08:29,141.484,141.484,141.481,141.481,11.3000000715256
20230710,17:08:30,141.481,141.481,141.48,141.48,14.3999996185303
20230710,17:08:31,141.479,141.479,141.479,141.479,13.5900001525879
20230710,17:08:32,141.479,141.479,141.478,141.479,18
20230710,17:08:33,141.48,141.48,141.48,141.48,3.59999990463257
20230710,17:08:34,141.48,141.48,141.48,141.48,3.59999990463257
20230710,17:08:41,141.48,141.48,141.48,141.48,7.19999980926514
20230710,17:08:42,141.48,141.48,141.48,141.48,3.59999990463257
20230710,17:08:43,141.48,141.48,141.48,141.48,12.7800002098083
20230710,17:08:45,141.48,141.48,141.48,141.48,7.19999980926514
20230710,17:08:47,141.479,141.479,141.479,141.479,3.59999990463257
20230710,17:08:48,141.48,141.48,141.479,141.479,8.19000005722046
20230710,17:08:51,141.48,141.48,141.48,141.48,9.08999979496002
20230710,17:08:52,141.48,141.48,141.48,141.48,4.5
20230710,17:08:55,141.48,141.482,141.48,141.481,21.5999994277954
20230710,17:08:56,141.481,141.481,141.481,141.481,3.59999990463257
20230710,17:08:57,141.481,141.481,141.481,141.481,3.59999990463257
20230710,17:08:58,141.481,141.482,141.481,141.482,10.7999997138977
20230710,17:08:59,141.481,141.482,141.481,141.482,19.7999997138977
20230710,17:09:00,141.481,141.481,141.479,141.479,16.1999998092651
20230710,17:09:01,141.479,141.479,141.479,141.479,4.94999980926514
20230710,17:09:02,141.48,141.484,141.48,141.483,12.1199997663498
20230710,17:09:03,141.483,141.483,141.483,141.483,7.19999980926514
20230710,17:09:05,141.482,141.483,141.482,141.483,7.19999980926514
20230710,17:09:07,141.483,141.483,141.483,141.483,7.19999980926514
20230710,17:09:12,141.483,141.483,141.48,141.48,10.7999997138977
20230710,17:09:13,141.481,141.481,141.481,141.481,3.59999990463257
20230710,17:09:14,141.481,141.483,141.481,141.483,12.9399995803833
20230710,17:09:15,141.482,141.482,141.479,141.48,15.5999999046326
20230710,17:09:18,141.481,141.481,141.481,141.481,7.19999980926514
20230710,17:09:19,141.482,141.482,141.481,141.482,12.1499996185303
20230710,17:09:20,141.481,141.481,141.481,141.481,3.59999990463257
20230710,17:09:21,141.481,141.482,141.481,141.481,15.4800000190735
20230710,17:09:22,141.482,141.482,141.48,141.481,15.0299997329712
20230710,17:09:23,141.481,141.482,141.481,141.482,15.8700001239777
20230710,17:09:24,141.481,141.481,141.481,141.481,3.69000005722046
20230710,17:09:25,141.48,141.481,141.48,141.481,12.7800002098083
20230710,17:09:26,141.481,141.481,141.481,141.481,10.7999997138977
20230710,17:09:27,141.48,141.48,141.48,141.48,3.59999990463257
20230710,17:09:28,141.479,141.479,141.472,141.473,18.2399997711182
20230710,17:09:31,141.472,141.472,141.472,141.472,7.19999980926514
20230710,17:09:32,141.472,141.472,141.472,141.472,4.5
20230710,17:09:33,141.473,141.473,141.472,141.473,10.7999997138977
20230710,17:09:34,141.472,141.472,141.472,141.472,3.59999990463257
20230710,17:09:35,141.472,141.472,141.472,141.472,3.59999990463257
20230710,17:09:36,141.472,141.472,141.469,141.471,14.4899997711182
20230710,17:09:37,141.471,141.471,141.471,141.471,3.59999990463257
20230710,17:09:42,141.472,141.472,141.472,141.472,3.59999990463257
20230710,17:09:46,141.472,141.472,141.471,141.471,7.19999980926514
20230710,17:09:47,141.471,141.471,141.47,141.47,7.19999980926514
20230710,17:09:48,141.47,141.471,141.47,141.471,10.7999997138977
20230710,17:09:49,141.471,141.471,141.471,141.471,3.59999990463257
20230710,17:09:50,141.471,141.472,141.471,141.471,12.5999999046326
20230710,17:09:51,141.472,141.472,141.472,141.472,2.40000009536743
20230710,17:09:55,141.471,141.471,141.47,141.47,7.19999980926514
20230710,17:09:56,141.469,141.471,141.469,141.47,14.3999996185303
20230710,17:09:57,141.47,141.47,141.47,141.47,3.59999990463257
20230710,17:10:00,141.47,141.471,141.47,141.47,11.9999997615814
20230710,17:10:01,141.469,141.469,141.467,141.467,10.7999997138977
20230710,17:10:04,141.467,141.467,141.466,141.466,9.59999990463257
20230710,17:10:05,141.467,141.469,141.467,141.469,8.19000005722046
20230710,17:10:06,141.47,141.47,141.47,141.47,3.59999990463257
20230710,17:10:07,141.47,141.47,141.469,141.469,23.3999996185303
20230710,17:10:08,141.469,141.469,141.469,141.469,7.19999980926514
20230710,17:10:09,141.47,141.47,141.469,141.47,10.7999997138977
20230710,17:10:10,141.469,141.469,141.469,141.469,3.59999990463257
20230710,17:10:11,141.47,141.47,141.469,141.47,14.3999996185303
20230710,17:10:12,141.47,141.47,141.47,141.47,3.59999990463257
20230710,17:10:16,141.47,141.47,141.47,141.47,4.5
20230710,17:10:17,141.469,141.469,141.469,141.469,4.5
20230710,17:10:18,141.47,141.47,141.47,141.47,7.19999980926514
20230710,17:10:19,141.47,141.47,141.47,141.47,3.59999990463257
20230710,17:10:20,141.469,141.469,141.468,141.468,10.2000000476837
20230710,17:10:21,141.469,141.469,141.469,141.469,13.5
20230710,17:10:22,141.469,141.47,141.469,141.47,18.8999996185303
20230710,17:10:25,141.469,141.469,141.468,141.468,9.15000009536743
20230710,17:10:26,141.468,141.468,141.468,141.468,4.5
20230710,17:10:27,141.468,141.468,141.466,141.467,14.7000000476837
20230710,17:10:29,141.468,141.468,141.468,141.468,1.20000004768372
20230710,17:10:30,141.468,141.468,141.468,141.468,4.5
20230710,17:10:32,141.467,141.468,141.466,141.468,16.1999998092651
20230710,17:10:35,141.469,141.469,141.468,141.468,7.19999980926514
20230710,17:10:37,141.468,141.468,141.468,141.468,3.72000002861023
20230710,17:10:38,141.468,141.468,141.468,141.468,3.59999990463257
20230710,17:10:40,141.468,141.468,141.466,141.466,7.89000010490417
20230710,17:10:41,141.466,141.468,141.466,141.468,16.8599998950958
20230710,17:10:42,141.468,141.469,141.468,141.469,7.19999980926514
20230710,17:10:43,141.467,141.467,141.467,141.467,4.5
20230710,17:10:44,141.468,141.468,141.468,141.468,7.44000005722046
20230710,17:10:45,141.468,141.468,141.468,141.468,7.3199999332428
20230710,17:10:46,141.468,141.468,141.468,141.468,3.59999990463257
20230710,17:10:47,141.468,141.468,141.468,141.468,7.3199999332428
20230710,17:10:55,141.467,141.468,141.467,141.468,12.5999999046326
20230710,17:10:56,141.467,141.467,141.467,141.467,4.5
20230710,17:10:57,141.468,141.471,141.468,141.471,16.1999998092651
20230710,17:10:58,141.47,141.47,141.469,141.469,13.5899996757507
20230710,17:10:59,141.47,141.471,141.47,141.47,14.7000000476837
20230710,17:11:01,141.47,141.472,141.47,141.472,16.289999961853
20230710,17:11:02,141.472,141.473,141.472,141.473,31.5000002384186
20230710,17:11:03,141.471,141.473,141.471,141.473,9
20230710,17:11:04,141.473,141.473,141.472,141.472,13.5
20230710,17:11:05,141.471,141.472,141.471,141.471,14.4000000953674
20230710,17:11:06,141.472,141.472,141.472,141.472,9
20230710,17:11:07,141.473,141.473,141.471,141.471,11.6999998092651
20230710,17:11:09,141.471,141.471,141.471,141.471,5.40000009536743
20230710,17:11:10,141.472,141.472,141.471,141.471,7.80000019073486
20230710,17:11:11,141.471,141.471,141.47,141.47,9.90000009536743
20230710,17:11:12,141.47,141.471,141.47,141.471,6.68999981880188
20230710,17:11:14,141.472,141.474,141.469,141.469,10.0500001907349
20230710,17:11:15,141.469,141.47,141.469,141.469,12.5999999046326
20230710,17:11:16,141.47,141.47,141.469,141.469,11.6999998092651
20230710,17:11:17,141.469,141.47,141.469,141.47,4.89000010490417
20230710,17:11:18,141.472,141.473,141.472,141.473,7.28999996185303
20230710,17:11:19,141.473,141.473,141.47,141.47,6.60000014305115
20230710,17:11:20,141.47,141.47,141.469,141.469,7.19999980926514
20230710,17:11:21,141.469,141.47,141.469,141.469,14.3999996185303
20230710,17:11:27,141.47,141.47,141.469,141.469,7.19999980926514
20230710,17:11:32,141.469,141.469,141.468,141.468,7.19999980926514
20230710,17:11:35,141.469,141.469,141.469,141.469,3.59999990463257
20230710,17:11:36,141.469,141.469,141.469,141.469,3.59999990463257
20230710,17:11:40,141.468,141.468,141.468,141.468,4.5
20230710,17:11:41,141.469,141.469,141.469,141.469,3.59999990463257
20230710,17:11:42,141.468,141.468,141.468,141.468,3.59999990463257
20230710,17:11:44,141.469,141.469,141.469,141.469,3.59999990463257
20230710,17:11:53,141.468,141.468,141.468,141.468,3.59999990463257
20230710,17:11:58,141.468,141.468,141.468,141.468,3.59999990463257
20230710,17:12:03,141.468,141.469,141.468,141.469,8.09999990463257
20230710,17:12:04,141.468,141.469,141.468,141.469,8.09999990463257
20230710,17:12:06,141.468,141.469,141.468,141.469,8.19000005722046
20230710,17:12:07,141.468,141.468,141.468,141.468,4.5
20230710,17:12:08,141.469,141.469,141.468,141.469,11.789999961853
20230710,17:12:09,141.468,141.469,141.468,141.469,8.19000005722046
20230710,17:12:10,141.468,141.468,141.468,141.468,1.20000004768372
20230710,17:12:11,141.467,141.467,141.467,141.467,4.5
20230710,17:12:12,141.468,141.468,141.468,141.468,3.59999990463257
20230710,17:12:13,141.467,141.467,141.466,141.466,17.1899995803833
20230710,17:12:14,141.467,141.467,141.463,141.463,15.75
20230710,17:12:15,141.465,141.465,141.464,141.464,8.09999990463257
20230710,17:12:16,141.465,141.465,141.465,141.465,3.59999990463257
20230710,17:12:23,141.465,141.465,141.465,141.465,4.5
20230710,17:12:27,141.466,141.467,141.466,141.467,7.73999977111816
20230710,17:12:28,141.466,141.466,141.465,141.465,9
20230710,17:12:33,141.466,141.466,141.466,141.466,3.59999990463257
20230710,17:12:34,141.465,141.467,141.465,141.467,14.3999996185303
20230710,17:12:40,141.467,141.467,141.467,141.467,3.59999990463257
20230710,17:12:42,141.467,141.467,141.467,141.467,3.59999990463257
20230710,17:12:43,141.467,141.467,141.467,141.467,7.19999980926514
20230710,17:12:44,141.467,141.467,141.467,141.467,7.19999980926514
20230710,17:12:45,141.467,141.467,141.467,141.467,7.19999980926514
20230710,17:12:46,141.467,141.467,141.466,141.466,13.0499997138977
20230710,17:12:53,141.467,141.467,141.467,141.467,10.7999997138977
20230710,17:12:54,141.466,141.466,141.462,141.462,13.049999833107
20230710,17:12:55,141.461,141.462,141.461,141.462,7.19999980926514
20230710,17:12:58,141.46,141.46,141.46,141.46,4.5
20230710,17:12:59,141.462,141.462,141.462,141.462,3.59999990463257
20230710,17:13:00,141.461,141.461,141.461,141.461,3.59999990463257
20230710,17:13:01,141.462,141.462,141.462,141.462,3.59999990463257
20230710,17:13:03,141.461,141.462,141.461,141.461,10.7999997138977
20230710,17:13:05,141.46,141.46,141.46,141.46,5.48999977111816
20230710,17:13:06,141.461,141.461,141.461,141.461,7.19999980926514
20230710,17:13:07,141.461,141.463,141.461,141.463,15.5099999904633
20230710,17:13:08,141.462,141.463,141.462,141.463,7.19999980926514
20230710,17:13:09,141.462,141.462,141.46,141.46,14.9399995803833